100 000 100 000
100 000 100 000
100 000 100 000
100 000 100 000

100 000 100 000
100 000 100 000
100 000 100 000
100 000 100 000

300 300 304 000
201 201 000 003
300 300 304 000
201 201 002 203

300 300 304 000
201 201 000 200
300 300 300 302
201 201 200 200

300 300 304 000
201 201 000 200
303 303 304 002
212 102 010 100

300 300 304 000
201 201 002 100
300 403 403 403
003 403 000 000

200 200 201 102
201 201 000 304
300 300 304 304
304 304 400 000

200 200 201 102
201 201 002 304
300 000 304 304
343 403 400 300

100 000 100 000
100 000 100 000
100 200 200 200
100 200 200 200

100 200 300 400
100 200 343 300
100 200 300 400
100 200 300 000

000 000 000 000